httpclient-cache/src/main/java/org/apache/http/client/cache/impl/CachingHttpClient.java

llt_li_hr.csv 0.0610417772576 2.4416710903 40
llt_li_lr.csv 0.0858496412954 4.29248206477 50
llt_si_hr.csv 0.097770124709 1.36878174593 14
llt_si_lr.csv 0.0526265366692 1.78930224675 34
slt_li_hr.csv 0.0705523719834 1.83436167157 26
slt_li_lr.csv 0.0898960014185 1.88781602979 21
slt_si_hr.csv 6.23087612022 355.159938853 57
slt_si_lr.csv 0.737487402304 25.0745716783 34

llt_li_hr.csv 0.00203472590859 0.0813890363435 40
llt_li_lr.csv 0.00286165470985 0.143082735492 50
llt_si_hr.csv 0.00325900415697 0.0456260581976 14
llt_si_lr.csv 0.00175421788897 0.059643408225 34
slt_li_hr.csv 0.00235174573278 0.0611453890523 26
slt_li_lr.csv 0.00299653338062 0.0629272009929 21
slt_si_hr.csv 0.207695870674 11.8386646284 57
slt_si_lr.csv 0.0245829134101 0.835819055944 34
